0.000000000000000000e+00 0.000000000000000000e+00
0.000000000000000000e+00 3.191327867106729110e-01
0.000000000000000000e+00 7.540236080401109264e-01
1.000000000000000000e+00 7.395303278113817269e-01
1.000000000000000000e+00 9.767013868354377237e-01
4.072793973861740247e-01 1.000000000000000000e+00
4.834458709466905590e-01 1.000000000000000000e+00
1.000000000000000000e+00 6.941084228478292539e-01
0.000000000000000000e+00 8.774933366919220878e-01
1.000000000000000000e+00 2.011377317201511472e-01
1.000000000000000000e+00 8.112918362369505587e-01
5.235405697349106990e-01 1.000000000000000000e+00
0.000000000000000000e+00 6.119468698183813116e-01
0.000000000000000000e+00 7.600451334153929261e-01
2.523890312311467543e-01 1.000000000000000000e+00
1.000000000000000000e+00 8.361822923482693515e-01
7.299910295538444283e-01 1.000000000000000000e+00
0.000000000000000000e+00 5.334070000883996965e-01
5.946595188577368241e-01 1.000000000000000000e+00
1.000000000000000000e+00 5.074095576705882626e-01
0.000000000000000000e+00 8.554569723013237814e-01
1.000000000000000000e+00 9.795185049763621699e-03
0.000000000000000000e+00 6.721268741050532292e-01
5.033047172491738053e-01 1.000000000000000000e+00
3.353416301758734841e-01 1.000000000000000000e+00
0.000000000000000000e+00 8.732477117140834411e-01
0.000000000000000000e+00 6.766484999840739478e-01
1.000000000000000000e+00 6.465020723090143528e-01
1.994464585595466799e-01 0.000000000000000000e+00
7.363622589447434974e-01 1.000000000000000000e+00
8.529951921194312003e-02 1.000000000000000000e+00
6.443464881286451451e-01 1.000000000000000000e+00
3.493200196985188910e-01 1.000000000000000000e+00
7.683699384584318226e-01 0.000000000000000000e+00
0.000000000000000000e+00 5.330968224055591120e-01
1.000000000000000000e+00 9.971209375635731176e-01
0.000000000000000000e+00 8.429096292962687809e-01
0.000000000000000000e+00 3.147367697449677815e-01
1.000000000000000000e+00 7.579585109185271730e-02
1.000000000000000000e+00 2.494237791614271060e-01
4.467092174186749753e-01 0.000000000000000000e+00
7.983859820543575125e-01 0.000000000000000000e+00
5.242763375814200044e-01 1.000000000000000000e+00
1.000000000000000000e+00 4.609600242563804962e-01
6.578363863328007266e-02 1.000000000000000000e+00
0.000000000000000000e+00 3.652939820993144071e-01
0.000000000000000000e+00 7.311166130803387064e-01
6.108847561981903818e-01 1.000000000000000000e+00
0.000000000000000000e+00 7.886104222835348398e-01
4.032381828501400145e-01 0.000000000000000000e+00
0.000000000000000000e+00 3.192093784729521655e-02
1.200218847848497639e-01 0.000000000000000000e+00
5.239512664547943954e-01 1.000000000000000000e+00
1.000000000000000000e+00 7.753823658298344412e-01
3.343257731805732158e-01 1.000000000000000000e+00
1.000000000000000000e+00 2.492469493696526373e-01
0.000000000000000000e+00 6.739088167926622353e-01
6.754441653097094100e-01 0.000000000000000000e+00
7.540093356143495740e-01 1.000000000000000000e+00
7.802495287495986309e-01 0.000000000000000000e+00
0.000000000000000000e+00 1.003916681383110188e-03
7.358985766270187412e-01 0.000000000000000000e+00
2.027630524255875644e-01 0.000000000000000000e+00
3.241941671059005436e-01 0.000000000000000000e+00
4.818886618859797855e-01 0.000000000000000000e+00
3.340414468949109983e-01 1.000000000000000000e+00
1.000000000000000000e+00 8.886446532003042797e-01
3.938432919399226240e-02 1.000000000000000000e+00
1.000000000000000000e+00 2.769789917057743356e-01
6.380964527433672373e-01 1.000000000000000000e+00
2.563819598616483564e-01 1.000000000000000000e+00
0.000000000000000000e+00 1.304010549090861559e-02
0.000000000000000000e+00 2.217547676286349967e-01
0.000000000000000000e+00 7.959244682458642695e-01
9.648050495832372064e-02 0.000000000000000000e+00
1.065065412165658865e-01 0.000000000000000000e+00
0.000000000000000000e+00 4.677400287091667552e-01
5.566499461693850126e-01 1.000000000000000000e+00
7.108319438535304347e-02 1.000000000000000000e+00
5.838772000264187412e-01 1.000000000000000000e+00
0.000000000000000000e+00 7.142344634705385387e-01
0.000000000000000000e+00 1.509191415433279726e-01
1.709709259299412309e-01 1.000000000000000000e+00
3.622341981099088670e-01 1.000000000000000000e+00
4.053600454039956169e-01 0.000000000000000000e+00
8.488949868955488753e-01 0.000000000000000000e+00
0.000000000000000000e+00 3.849660266526385710e-01
6.858293663408829843e-01 1.000000000000000000e+00
3.198223666246459151e-01 0.000000000000000000e+00
1.000000000000000000e+00 6.804658874828167781e-01
1.000000000000000000e+00 8.512554554385239891e-01
1.000000000000000000e+00 9.494575430255179915e-01
0.000000000000000000e+00 8.320425104978776965e-01
2.970108109947269259e-01 0.000000000000000000e+00
6.970618780232074041e-02 1.000000000000000000e+00
7.437170809921437309e-01 0.000000000000000000e+00
1.000000000000000000e+00 3.848014578592464652e-01
0.000000000000000000e+00 3.950834999941646997e-01
0.000000000000000000e+00 6.143172815762327765e-01
1.000000000000000000e+00 5.340943776961871725e-01
